# name: debug
# type: sparse matrix
# nnz: 1080
# rows: 63
# columns: 63

1 1 571732884722355926462365696.000000000
2 1 236266198132456672.000000000
3 1 236149781050088256.000000000
4 1 236266198132456672.000000000
5 1 236147240207178272.000000000
6 1 236030975744949504.000000000
16 1 236036141174571264.000000000
17 1 235817532785408928.000000000
18 1 235611055654673568.000000000
19 1 0.000000000
20 1 0.000000000
21 1 0.000000000
1 2 236149781050088256.000000000
2 2 571732884722001608840314880.000000000
3 2 235914862435997920.000000000
4 2 0.000000000
5 2 0.000000000
6 2 0.000000000
16 2 235917486838239200.000000000
17 2 235699174977837536.000000000
18 2 235492986407144576.000000000
19 2 0.000000000
20 2 0.000000000
21 2 0.000000000
1 3 0.000000000
2 3 0.000000000
3 3 571732884485970615936745472.000000000
4 3 0.000000000
5 3 0.000000000
6 3 0.000000000
16 3 235801523104163200.000000000
17 3 235583505207594624.000000000
18 3 235377602935890240.000000000
19 3 0.000000000
20 3 0.000000000
21 3 0.000000000
1 4 0.000000000
2 4 0.000000000
3 4 0.000000000
4 4 571732884762640795553497088.000000000
4 4 571732884485970615936745472.000000000
5 4 0.000000000
5 4 276535096220841856.000000000
6 4 276397903976716256.000000000
6 4 0.000000000
7 4 276535096220841856.000000000
8 4 276400080637249472.000000000
9 4 276262963685220736.000000000
16 4 235925359903493824.000000000
17 4 235712739129721600.000000000
18 4 235512559517608672.000000000
19 4 0.000000000
20 4 0.000000000
21 4 0.000000000
34 4 276258613231180864.000000000
35 4 275973770382347392.000000000
36 4 275680666016256768.000000000
37 4 0.000000000
38 4 0.000000000
39 4 0.000000000
1 5 0.000000000
2 5 0.000000000
3 5 0.000000000
4 5 276397903976716256.000000000
4 5 0.000000000
5 5 571732884762233563934359552.000000000
5 5 571732884485970615936745472.000000000
6 5 276125923064798368.000000000
6 5 0.000000000
7 5 0.000000000
8 5 0.000000000
9 5 0.000000000
16 5 235806854772642144.000000000
17 5 235594526652836128.000000000
18 5 235394631289553536.000000000
19 5 0.000000000
20 5 0.000000000
21 5 0.000000000
34 5 276123749252605472.000000000
35 5 275839062073134656.000000000
36 5 275546117388195392.000000000
37 5 0.000000000
38 5 0.000000000
39 5 0.000000000
1 6 0.000000000
2 6 0.000000000
3 6 0.000000000
4 6 0.000000000
4 6 0.000000000
5 6 0.000000000
5 6 0.000000000
6 6 571732884485970615936745472.000000000
6 6 571732884485970615936745472.000000000
7 6 0.000000000
8 6 0.000000000
9 6 0.000000000
16 6 235691038924048640.000000000
17 6 235479001044333056.000000000
18 6 235279387823332384.000000000
19 6 0.000000000
20 6 0.000000000
21 6 0.000000000
34 6 275986786000803520.000000000
35 6 275702256650409600.000000000
36 6 275409473870095008.000000000
37 6 0.000000000
38 6 0.000000000
39 6 0.000000000
4 7 0.000000000
5 7 0.000000000
6 7 0.000000000
7 7 571732884485970615936745472.000000000
7 7 571732886110933215629803520.000000000
8 7 0.000000000
8 7 1622191177127193344.000000000
9 7 1563606449400076288.000000000
9 7 0.000000000
10 7 1622191177127193344.000000000
10 7 213122955268034752.000000000
11 7 213042966305022464.000000000
11 7 1622546793286634240.000000000
12 7 1566718483460045824.000000000
12 7 212968946726669824.000000000
13 7 0.000000000
14 7 0.000000000
15 7 0.000000000
22 7 104343791285222608.000000000
23 7 -28679957866825888.000000000
24 7 -149851928923677952.000000000
25 7 0.000000000
26 7 0.000000000
27 7 0.000000000
28 7 221671680436533600.000000000
29 7 221639283054551264.000000000
30 7 221605442726921344.000000000
31 7 0.000000000
32 7 0.000000000
33 7 0.000000000
34 7 276117228362801952.000000000
35 7 275828247164462592.000000000
36 7 275531037126254720.000000000
37 7 0.000000000
38 7 0.000000000
39 7 0.000000000
40 7 255180945639400160.000000000
41 7 73118268559717952.000000000
42 7 -133358902393169248.000000000
43 7 0.000000000
44 7 0.000000000
45 7 0.000000000
46 7 221315769466032672.000000000
47 7 221318544374668352.000000000
48 7 221321216474264800.000000000
49 7 0.000000000
50 7 0.000000000
51 7 0.000000000
52 7 218889491977633248.000000000
53 7 219506427525731328.000000000
54 7 220185085588808736.000000000
55 7 0.000000000
56 7 0.000000000
57 7 0.000000000
58 7 220790979321202016.000000000
59 7 220973781550965920.000000000
60 7 221172515592002080.000000000
61 7 0.000000000
62 7 0.000000000
63 7 0.000000000
4 8 0.000000000
5 8 0.000000000
6 8 0.000000000
7 8 1563606449400076544.000000000
7 8 0.000000000
8 8 571732884485970615936745472.000000000
8 8 571732886052689129769009152.000000000
9 8 1519311372763451136.000000000
9 8 0.000000000
10 8 -0.000000000
10 8 213077799479421376.000000000
11 8 0.000000000
11 8 212997827828909568.000000000
12 8 -0.000000000
12 8 212923824297803456.000000000
13 8 0.000000000
14 8 0.000000000
15 8 0.000000000
22 8 94286851796645280.000000000
23 8 -25915699917238732.000000000
24 8 -135408782125553728.000000000
25 8 0.000000000
26 8 0.000000000
27 8 0.000000000
28 8 221656753455465696.000000000
29 8 221624358511968288.000000000
30 8 221590520719849344.000000000
31 8 0.000000000
32 8 0.000000000
33 8 0.000000000
34 8 275982441715262848.000000000
35 8 275693618196453824.000000000
36 8 275396569831343040.000000000
37 8 0.000000000
38 8 0.000000000
39 8 0.000000000
40 8 270230806360341440.000000000
41 8 77430814905426800.000000000
42 8 -141223676856382944.000000000
43 8 0.000000000
44 8 0.000000000
45 8 0.000000000
46 8 221317245596294208.000000000
47 8 221320020572038720.000000000
48 8 221322692738053952.000000000
49 8 0.000000000
50 8 0.000000000
51 8 0.000000000
52 8 219139902486459584.000000000
53 8 219757553207719104.000000000
54 8 220436996925250304.000000000
55 8 0.000000000
56 8 0.000000000
57 8 0.000000000
58 8 220867984725501056.000000000
59 8 221050854193889088.000000000
60 8 221249661012169696.000000000
61 8 0.000000000
62 8 0.000000000
63 8 0.000000000
4 9 0.000000000
5 9 0.000000000
6 9 0.000000000
7 9 -0.000000000
7 9 0.000000000
8 9 0.000000000
8 9 0.000000000
9 9 571732884485970615936745472.000000000
9 9 571732884485970615936745472.000000000
10 9 0.000000000
10 9 213034120968661824.000000000
11 9 212954166076235008.000000000
11 9 -0.000000000
12 9 212880178079413760.000000000
12 9 0.000000000
13 9 0.000000000
14 9 0.000000000
15 9 0.000000000
22 9 75339537083679456.000000000
23 9 -20707831757851616.000000000
24 9 -108197843342571936.000000000
25 9 0.000000000
26 9 0.000000000
27 9 0.000000000
28 9 221641463251630592.000000000
29 9 221609070799719264.000000000
30 9 221575235598599040.000000000
31 9 0.000000000
32 9 0.000000000
33 9 0.000000000
34 9 275845556866355136.000000000
35 9 275556893218727808.000000000
36 9 275260008781876544.000000000
37 9 0.000000000
38 9 0.000000000
39 9 0.000000000
40 9 254730506608655200.000000000
41 9 72989650847393984.000000000
42 9 -133122808702532624.000000000
43 9 0.000000000
44 9 0.000000000
45 9 0.000000000
46 9 221318696457165568.000000000
47 9 221321471499704672.000000000
48 9 221324143731837504.000000000
49 9 0.000000000
50 9 0.000000000
51 9 0.000000000
52 9 219407849933872064.000000000
53 9 220026265321638304.000000000
54 9 220706549167339968.000000000
55 9 0.000000000
56 9 0.000000000
57 9 0.000000000
58 9 220949202421230656.000000000
59 9 221132142624179104.000000000
60 9 221331026024278592.000000000
61 9 0.000000000
62 9 0.000000000
63 9 0.000000000
7 10 0.000000000
7 10 213122955268034752.000000000
8 10 213077799479421376.000000000
8 10 -0.000000000
9 10 213034120968661824.000000000
9 10 0.000000000
10 10 571732884485970615936745472.000000000
10 10 571732884698962510911373312.000000000
10 10 213082216697212096.000000000
10 10 213082216697212096.000000000
11 10 213037069722555840.000000000
11 10 0.000000000
11 10 212951209888433120.000000000
11 10 213005208487699392.000000000
12 10 -0.000000000
12 10 212911984175159488.000000000
12 10 212993399743378336.000000000
12 10 212934184349947008.000000000
13 10 212874250118783328.000000000
13 10 0.000000000
14 10 0.000000000
14 10 212838011198541600.000000000
15 10 212803270740351648.000000000
15 10 0.000000000
22 10 39581908629435848.000000000
23 10 -93906221069547872.000000000
24 10 -191160677008126432.000000000
25 10 0.000000000
26 10 0.000000000
27 10 0.000000000
28 10 221655662550513344.000000000
29 10 221622542738739616.000000000
30 10 221587983845057440.000000000
31 10 0.000000000
32 10 0.000000000
33 10 0.000000000
40 10 173350795546053248.000000000
41 10 -33407961215259564.000000000
42 10 -214659897702542528.000000000
43 10 0.000000000
44 10 0.000000000
45 10 0.000000000
46 10 221317169827187072.000000000
47 10 221319893179916832.000000000
48 10 221322514271979552.000000000
49 10 0.000000000
50 10 0.000000000
51 10 0.000000000
52 10 219189965655871872.000000000
53 10 219838326853500608.000000000
54 10 220546099645094272.000000000
55 10 0.000000000
56 10 0.000000000
57 10 0.000000000
58 10 220880358964825120.000000000
59 10 221071187787098368.000000000
60 10 221277700190343232.000000000
61 10 0.000000000
62 10 0.000000000
63 10 0.000000000
7 11 213042966305022464.000000000
7 11 -0.000000000
8 11 212997827828909568.000000000
8 11 0.000000000
9 11 -0.000000000
9 11 212954166076235008.000000000
10 11 212951209888433120.000000000
10 11 213005208487699392.000000000
10 11 0.000000000
10 11 213037069722555840.000000000
11 11 212960078193767808.000000000
11 11 212960078193767808.000000000
11 11 571732884485970615936745472.000000000
11 11 571732884698881147050917888.000000000
12 11 212916424361599232.000000000
12 11 212889069468308000.000000000
12 11 0.000000000
12 11 212871286843502304.000000000
13 11 0.000000000
13 11 212833560182286400.000000000
14 11 212797328371333248.000000000
14 11 0.000000000
15 11 212762594735907872.000000000
15 11 0.000000000
22 11 35766898977319848.000000000
23 11 -84855275727662368.000000000
24 11 -172736079705092992.000000000
25 11 0.000000000
26 11 0.000000000
27 11 0.000000000
28 11 221640736776527232.000000000
29 11 221607619451821888.000000000
30 11 221573063141949952.000000000
31 11 0.000000000
32 11 0.000000000
33 11 0.000000000
40 11 183574666743829664.000000000
41 11 -35377952516543312.000000000
42 11 -227319576619168896.000000000
43 11 0.000000000
44 11 0.000000000
45 11 0.000000000
46 11 221318645991089472.000000000
47 11 221321369410582400.000000000
48 11 221323990568720512.000000000
49 11 0.000000000
50 11 0.000000000
51 11 0.000000000
52 11 219440724618115584.000000000
53 11 220089836883354176.000000000
54 11 220798428547731584.000000000
55 11 0.000000000
56 11 0.000000000
57 11 0.000000000
58 11 220957397285091584.000000000
59 11 221148296137575872.000000000
60 11 221354884018639072.000000000
61 11 0.000000000
62 11 0.000000000
63 11 0.000000000
7 12 212968946726669824.000000000
7 12 0.000000000
8 12 -0.000000000
8 12 212923824297803456.000000000
9 12 212880178079413760.000000000
9 12 0.000000000
10 12 212911984175159488.000000000
10 12 -0.000000000
10 12 212993399743378336.000000000
10 12 212934184349947008.000000000
11 12 212871286843502336.000000000
11 12 0.000000000
11 12 212889069468308000.000000000
11 12 212916424361599232.000000000
12 12 571732884485970615936745472.000000000
12 12 212845430556271520.000000000
12 12 212845430556271520.000000000
12 12 571732884698802669408485376.000000000
13 12 0.000000000
13 12 212794356687450112.000000000
14 12 0.000000000
14 12 212758131732750624.000000000
15 12 0.000000000
15 12 212723404677537408.000000000
22 12 28579402732150320.000000000
23 12 -67803265012282064.000000000
24 12 -138024072596701920.000000000
25 12 0.000000000
26 12 0.000000000
27 12 0.000000000
28 12 221625447806025376.000000000
29 12 221592333022684576.000000000
30 12 221557779353299104.000000000
31 12 0.000000000
32 12 0.000000000
33 12 0.000000000
40 12 173045039267113600.000000000
41 12 -33348383918588780.000000000
42 12 -214280290443976000.000000000
43 12 0.000000000
44 12 0.000000000
45 12 0.000000000
46 12 221320096885442912.000000000
47 12 221322820371391264.000000000
48 12 221325441595310144.000000000
49 12 0.000000000
50 12 0.000000000
51 12 0.000000000
52 12 219709044620701856.000000000
53 12 220358959982371840.000000000
54 12 221068427343258496.000000000
55 12 0.000000000
56 12 0.000000000
57 12 0.000000000
58 12 221038649605603168.000000000
59 12 221229622139714944.000000000
60 12 221436289453900288.000000000
61 12 0.000000000
62 12 0.000000000
63 12 0.000000000
7 13 0.000000000
8 13 0.000000000
9 13 0.000000000
10 13 0.000000000
10 13 212874250118783328.000000000
11 13 0.000000000
11 13 212833560182286400.000000000
12 13 0.000000000
12 13 212794356687450112.000000000
13 13 571732884698727284142505984.000000000
14 13 212720425673032032.000000000
15 13 212685704954745216.000000000
7 14 0.000000000
8 14 0.000000000
9 14 0.000000000
10 14 0.000000000
10 14 212838011198541600.000000000
11 14 212797328371333280.000000000
11 14 0.000000000
12 14 212758131732750624.000000000
12 14 0.000000000
13 14 212720425673032032.000000000
14 14 571732884698654853814026240.000000000
15 14 212649499043603488.000000000
7 15 0.000000000
8 15 0.000000000
9 15 0.000000000
10 15 0.000000000
10 15 212803270740351616.000000000
11 15 212762594735907872.000000000
11 15 0.000000000
12 15 212723404677537408.000000000
12 15 0.000000000
13 15 212685704954745152.000000000
14 15 212649499043603488.000000000
15 15 571732884698585378423046144.000000000
1 16 236036141174571264.000000000
2 16 235917486838239200.000000000
3 16 235801523104163200.000000000
4 16 235925359903493824.000000000
5 16 235806854772642144.000000000
6 16 235691038924048640.000000000
16 16 571732884721658973529309184.000000000
17 16 235577994119018688.000000000
18 16 235470605128069056.000000000
19 16 235366243851058368.000000000
20 16 235264986682666752.000000000
21 16 235166910457144576.000000000
1 17 235817532785408928.000000000
2 17 235699174977837536.000000000
3 17 235583505207594624.000000000
4 17 235712739129721600.000000000
5 17 235594526652836128.000000000
6 17 235479001044333056.000000000
16 17 235577994119018688.000000000
17 17 571732884721438384008986624.000000000
18 17 235360555587720672.000000000
19 17 235256335815311904.000000000
20 17 235155218285025664.000000000
21 17 235057279725284160.000000000
1 18 235611055654673568.000000000
2 18 235492986407144576.000000000
3 18 235377602935890240.000000000
4 18 235512559517608672.000000000
5 18 235394631289553536.000000000
6 18 235279387823332384.000000000
16 18 235470605128069056.000000000
17 18 235360555587720672.000000000
18 18 571732884721224047961047040.000000000
19 18 235149371791180160.000000000
20 18 235048392486301056.000000000
21 18 234950590261986592.000000000
1 19 0.000000000
2 19 0.000000000
3 19 0.000000000
4 19 0.000000000
5 19 0.000000000
6 19 0.000000000
16 19 235366243851058336.000000000
17 19 235256335815311904.000000000
18 19 235149371791180160.000000000
19 19 571732884721016034104967168.000000000
20 19 234944587845209536.000000000
21 19 234846920523686080.000000000
1 20 0.000000000
2 20 0.000000000
3 20 0.000000000
4 20 0.000000000
5 20 0.000000000
6 20 0.000000000
16 20 235264986682666752.000000000
17 20 235155218285025632.000000000
18 20 235048392486301120.000000000
19 20 234944587845209568.000000000
20 20 571732884720814479879700480.000000000
21 20 234746346387161536.000000000
1 21 0.000000000
2 21 0.000000000
3 21 0.000000000
4 21 0.000000000
5 21 0.000000000
6 21 0.000000000
16 21 235166910457144576.000000000
17 21 235057279725284160.000000000
18 21 234950590261986592.000000000
19 21 234846920523686080.000000000
20 21 234746346387161536.000000000
21 21 571732884720619591443677184.000000000
7 22 104343791285222608.000000000
8 22 94286851796645280.000000000
9 22 75339537083679456.000000000
10 22 39581908629435848.000000000
11 22 35766898977319848.000000000
12 22 28579402732150320.000000000
22 22 571732884535286529941045248.000000000
23 22 18707571702407868.000000000
24 22 -13554969842842568.000000000
25 22 -44382798056226336.000000000
26 22 -70824367046549264.000000000
27 22 -90348084266808240.000000000
7 23 -28679957866825888.000000000
8 23 -25915699917238732.000000000
9 23 -20707831757851616.000000000
10 23 -93906221069547872.000000000
11 23 -84855275727662368.000000000
12 23 -67803265012282064.000000000
22 23 18707571702407868.000000000
23 23 571732884493067207579795456.000000000
24 23 -5141949864918369.000000000
25 23 -16836218120410044.000000000
26 23 -26866597978147740.000000000
27 23 -34272751762982264.000000000
7 24 -149851928923677952.000000000
8 24 -135408782125553728.000000000
9 24 -108197843342571936.000000000
10 24 -191160677008126432.000000000
11 24 -172736079705092992.000000000
12 24 -138024072596701920.000000000
22 24 -13554969842842568.000000000
23 24 -5141949864918369.000000000
24 24 571732884489696379806941184.000000000
25 24 12199084709954922.000000000
26 24 19466818557874760.000000000
27 24 24833108665532292.000000000
7 25 0.000000000
8 25 0.000000000
9 25 0.000000000
10 25 0.000000000
11 25 0.000000000
12 25 0.000000000
22 25 -44382798056226336.000000000
23 25 -16836218120410044.000000000
24 25 12199084709954920.000000000
25 25 571732884525913811789545472.000000000
26 25 63739788201215984.000000000
27 25 81310532200030496.000000000
7 26 0.000000000
8 26 0.000000000
9 26 0.000000000
10 26 0.000000000
11 26 0.000000000
12 26 0.000000000
22 26 -70824367046549264.000000000
23 26 -26866597978147740.000000000
24 26 19466818557874760.000000000
25 26 63739788201215992.000000000
26 26 571732884587684100160094208.000000000
27 26 129752206128612224.000000000
7 27 0.000000000
8 27 0.000000000
9 27 0.000000000
10 27 0.000000000
11 27 0.000000000
12 27 0.000000000
22 27 -90348084266808240.000000000
23 27 -34272751762982264.000000000
24 27 24833108665532296.000000000
25 27 81310532200030496.000000000
26 27 129752206128612224.000000000
27 27 571732884651490821504237568.000000000
7 28 221671680436533600.000000000
8 28 221656753455465696.000000000
9 28 221641463251630592.000000000
10 28 221655662550513344.000000000
11 28 221640736776527232.000000000
12 28 221625447806025376.000000000
28 28 571732884707596425968484352.000000000
29 28 221609796309818528.000000000
30 28 221593420588559360.000000000
31 28 221576684122026240.000000000
32 28 221559588033811488.000000000
33 28 221542133149687232.000000000
7 29 221639283054551264.000000000
8 29 221624358511968288.000000000
9 29 221609070799719264.000000000
10 29 221622542738739616.000000000
11 29 221607619451821888.000000000
12 29 221592333022684576.000000000
28 29 221609796309818496.000000000
29 29 571732884707564402692325376.000000000
30 29 221577408999876672.000000000
31 29 221560673871143936.000000000
32 29 221543579146690880.000000000
33 29 221526125652223936.000000000
7 30 221605442726921344.000000000
8 30 221590520719849344.000000000
9 30 221575235598599040.000000000
10 30 221587983845057440.000000000
11 30 221573063141949952.000000000
12 30 221557779353299104.000000000
28 30 221593420588559328.000000000
29 30 221577408999876672.000000000
30 30 571732884707531623501922304.000000000
31 30 221544302165197088.000000000
32 30 221527208832399040.000000000
33 30 221509756756073536.000000000
7 31 0.000000000
8 31 0.000000000
9 31 0.000000000
10 31 0.000000000
11 31 0.000000000
12 31 0.000000000
28 31 221576684122026176.000000000
29 31 221560673871143904.000000000
30 31 221544302165197088.000000000
31 31 571732884707498157116751872.000000000
32 31 221510477880585696.000000000
33 31 221493027250817536.000000000
7 32 0.000000000
8 32 0.000000000
9 32 0.000000000
10 32 0.000000000
11 32 0.000000000
12 32 0.000000000
28 32 221559588033811488.000000000
29 32 221543579146690880.000000000
30 32 221527208832399040.000000000
31 32 221510477880585696.000000000
32 32 571732884707464003536814080.000000000
33 32 221475938259594080.000000000
7 33 0.000000000
8 33 0.000000000
9 33 0.000000000
10 33 0.000000000
11 33 0.000000000
12 33 0.000000000
28 33 221542133149687232.000000000
29 33 221526125652223936.000000000
30 33 221509756756073536.000000000
31 33 221493027250817536.000000000
32 33 221475938259594080.000000000
33 33 571732884707429094042632192.000000000
4 34 276258613231180864.000000000
5 34 276123749252605472.000000000
6 34 275986786000803520.000000000
7 34 276117228362801952.000000000
8 34 275982441715262848.000000000
9 34 275845556866355136.000000000
34 34 571732884761818360855920640.000000000
35 34 275706577696354624.000000000
36 34 275563357991865248.000000000
37 34 275418076106365824.000000000
38 34 275270739334396672.000000000
39 34 275121357847627616.000000000
4 35 275973770382347392.000000000
5 35 275839062073134656.000000000
6 35 275702256650409600.000000000
7 35 275828247164462592.000000000
8 35 275693618196453824.000000000
9 35 275556893218727808.000000000
34 35 275706577696354624.000000000
35 35 571732884761536129964965888.000000000
36 35 275422370462202080.000000000
37 35 275277171221197120.000000000
38 35 275129918140026112.000000000
39 35 274980621384586368.000000000
4 36 275680666016256768.000000000
5 36 275546117388195392.000000000
6 36 275409473870095008.000000000
7 36 275531037126254720.000000000
8 36 275396569831343040.000000000
9 36 275260008781876544.000000000
34 36 275563357991865248.000000000
35 36 275422370462202048.000000000
36 36 571732884761249913344360448.000000000
37 36 275134199506654400.000000000
38 36 274987031218643904.000000000
39 36 274837820312486400.000000000
4 37 0.000000000
5 37 0.000000000
6 37 0.000000000
7 37 0.000000000
8 37 0.000000000
9 37 0.000000000
34 37 275418076106365792.000000000
35 37 275277171221197120.000000000
36 37 275134199506654400.000000000
37 37 571732884760959779713581056.000000000
38 37 274842086412763488.000000000
39 37 274692962469016576.000000000
4 38 0.000000000
5 38 0.000000000
6 38 0.000000000
7 38 0.000000000
8 38 0.000000000
9 38 0.000000000
34 38 275270739334396608.000000000
35 38 275129918140026112.000000000
36 38 274987031218643936.000000000
37 38 274842086412763488.000000000
38 38 571732884760665729072627712.000000000
39 38 274546055126673984.000000000
4 39 0.000000000
5 39 0.000000000
6 39 0.000000000
7 39 0.000000000
8 39 0.000000000
9 39 0.000000000
34 39 275121357847627584.000000000
35 39 274980621384586368.000000000
36 39 274837820312486368.000000000
37 39 274692962469016544.000000000
38 39 274546055126673984.000000000
39 39 571732884760367692702023680.000000000
7 40 255180945639400160.000000000
8 40 270230806360341440.000000000
9 40 254730506608655200.000000000
10 40 173350795546053248.000000000
11 40 183574666743829664.000000000
12 40 173045039267113600.000000000
40 40 571732884696523175645675520.000000000
41 40 143033952125974752.000000000
42 40 60331294315086616.000000000
43 40 -27564438875041520.000000000
44 40 -110034928973418368.000000000
45 40 -177117259260977568.000000000
7 41 73118268559717952.000000000
8 41 77430814905426800.000000000
9 41 72989650847393984.000000000
10 41 -33407961215259564.000000000
11 41 -35377952516543312.000000000
12 41 -33348383918588780.000000000
40 41 143033952125974752.000000000
41 41 571732884583137550859763712.000000000
42 41 40984948748273888.000000000
43 41 -18724851746381592.000000000
44 41 -74749188457232240.000000000
45 41 -120319994403891904.000000000
7 42 -133358902393169248.000000000
8 42 -141223676856382944.000000000
9 42 -133122808702532624.000000000
10 42 -214659897702542528.000000000
11 42 -227319576619168896.000000000
12 42 -214280290443976000.000000000
40 42 60331294315086616.000000000
41 42 40984948748273888.000000000
42 42 571732884503258374699220992.000000000
43 42 -7897496368724203.000000000
44 42 -31528311027504500.000000000
45 42 -50749937727588240.000000000
7 43 0.000000000
8 43 0.000000000
9 43 0.000000000
10 43 0.000000000
11 43 0.000000000
12 43 0.000000000
40 43 -27564438875041524.000000000
41 43 -18724851746381592.000000000
42 43 -7897496368724203.000000000
43 43 571732884489580243891257344.000000000
44 43 14406369133776828.000000000
45 43 23188441988758452.000000000
7 44 0.000000000
8 44 0.000000000
9 44 0.000000000
10 44 0.000000000
11 44 0.000000000
12 44 0.000000000
40 44 -110034928973418368.000000000
41 44 -74749188457232240.000000000
42 44 -31528311027504500.000000000
43 44 14406369133776828.000000000
44 44 571732884543476311020011520.000000000
45 44 92562956178512384.000000000
7 45 0.000000000
8 45 0.000000000
9 45 0.000000000
10 45 0.000000000
11 45 0.000000000
12 45 0.000000000
40 45 -177117259260977568.000000000
41 45 -120319994403891904.000000000
42 45 -50749937727588240.000000000
43 45 23188441988758452.000000000
44 45 92562956178512384.000000000
45 45 571732884634963375032369152.000000000
7 46 221315769466032672.000000000
8 46 221317245596294208.000000000
9 46 221318696457165568.000000000
10 46 221317169827187072.000000000
11 46 221318645991089472.000000000
12 46 221320096885442912.000000000
46 46 571732884707290761735962624.000000000
47 46 221321522527487200.000000000
48 46 221322897174905824.000000000
49 46 221324246079583040.000000000
50 46 221325569472854720.000000000
51 46 221326867368987552.000000000
7 47 221318544374668352.000000000
8 47 221320020572038720.000000000
9 47 221321471499704672.000000000
10 47 221319893179916832.000000000
11 47 221321369410582400.000000000
12 47 221322820371391264.000000000
46 47 221321522527487200.000000000
47 47 571732884707293510515032064.000000000
48 47 221324297702672288.000000000
49 47 221325646640187840.000000000
50 47 221326970066136032.000000000
51 47 221328267994783264.000000000
7 48 221321216474264800.000000000
8 48 221322692738053952.000000000
9 48 221324143731837504.000000000
10 48 221322514271979552.000000000
11 48 221323990568720512.000000000
12 48 221325441595310144.000000000
46 48 221322897174905824.000000000
47 48 221324297702672288.000000000
48 48 571732884707296259294101504.000000000
49 48 221327021386131520.000000000
50 48 221328344844603072.000000000
51 48 221329642805614784.000000000
7 49 0.000000000
8 49 0.000000000
9 49 0.000000000
10 49 0.000000000
11 49 0.000000000
12 49 0.000000000
46 49 221324246079583008.000000000
47 49 221325646640187840.000000000
48 49 221327021386131520.000000000
49 49 571732884707299008073170944.000000000
50 49 221329693879696352.000000000
51 49 221330991872922816.000000000
7 50 0.000000000
8 50 0.000000000
9 50 0.000000000
10 50 0.000000000
11 50 0.000000000
12 50 0.000000000
46 50 221325569472854720.000000000
47 50 221326970066136064.000000000
48 50 221328344844603072.000000000
49 50 221329693879696384.000000000
50 50 571732884707301619413286912.000000000
51 50 221332315428048704.000000000
7 51 0.000000000
8 51 0.000000000
9 51 0.000000000
10 51 0.000000000
11 51 0.000000000
12 51 0.000000000
46 51 221326867368987552.000000000
47 51 221328267994783264.000000000
48 51 221329642805614784.000000000
49 51 221330991872922816.000000000
50 51 221332315428048704.000000000
51 51 571732884707304230753402880.000000000
7 52 218889491977633248.000000000
8 52 219139902486459584.000000000
9 52 219407849933872064.000000000
10 52 219189965655871872.000000000
11 52 219440724618115584.000000000
12 52 219709044620701856.000000000
52 52 571732884705663484526854144.000000000
53 52 219994457554383232.000000000
54 52 220312095074177568.000000000
55 52 220645226640251328.000000000
56 52 220993272056106080.000000000
57 52 221355624993659808.000000000
7 53 219506427525731328.000000000
8 53 219757553207719104.000000000
9 53 220026265321638304.000000000
10 53 219838326853500608.000000000
11 53 220089836883354176.000000000
12 53 220358959982371840.000000000
52 53 219994457554383232.000000000
53 53 571732884706267116410503168.000000000
54 53 220614545339446656.000000000
55 53 220948138971208128.000000000
56 53 221296666912258208.000000000
57 53 221659521993910016.000000000
7 54 220185085588808736.000000000
8 54 220436996925250304.000000000
9 54 220706549167339968.000000000
10 54 220546099645094272.000000000
11 54 220798428547731584.000000000
12 54 221068427343258496.000000000
52 54 220312095074177568.000000000
53 54 220614545339446656.000000000
54 54 571732884706903733642985472.000000000
55 54 221267167724999552.000000000
56 54 221616203642504384.000000000
57 54 221979587373389248.000000000
7 55 0.000000000
8 55 0.000000000
9 55 0.000000000
10 55 0.000000000
11 55 0.000000000
12 55 0.000000000
52 55 220645226640251328.000000000
53 55 220948138971208128.000000000
54 55 221267167724999552.000000000
55 55 571732884707572374151626752.000000000
56 55 221951326161944320.000000000
57 55 222315264127189184.000000000
7 56 0.000000000
8 56 0.000000000
9 56 0.000000000
10 56 0.000000000
11 56 0.000000000
12 56 0.000000000
52 56 220993272056106080.000000000
53 56 221296666912258208.000000000
54 56 221616203642504384.000000000
55 56 221951326161944320.000000000
56 56 571732884708272075863752704.000000000
57 56 222665967625988416.000000000
7 57 0.000000000
8 57 0.000000000
9 57 0.000000000
10 57 0.000000000
11 57 0.000000000
12 57 0.000000000
52 57 221355624993659808.000000000
53 57 221659521993910016.000000000
54 57 221979587373389184.000000000
55 57 222315264127189184.000000000
56 57 222665967625988416.000000000
57 57 571732884709001670548258816.000000000
7 58 220790979321202016.000000000
8 58 220867984725501056.000000000
9 58 220949202421230656.000000000
10 58 220880358964825120.000000000
11 58 220957397285091584.000000000
12 58 221038649605603168.000000000
58 58 571732884707005163590647808.000000000
59 58 221124063459412384.000000000
60 58 221217594351581920.000000000
61 58 221315113279010944.000000000
62 58 221416558088644576.000000000
63 58 221521863930350656.000000000
7 59 220973781550965920.000000000
8 59 221050854193889088.000000000
9 59 221132142624179104.000000000
10 59 221071187787098368.000000000
11 59 221148296137575872.000000000
12 59 221229622139714944.000000000
58 59 221124063459412384.000000000
59 59 571732884707184177827545088.000000000
60 59 221307155435472064.000000000
61 59 221404715589946496.000000000
62 59 221506203213903488.000000000
63 59 221611553429840608.000000000
7 60 221172515592002080.000000000
8 60 221249661012169696.000000000
9 60 221331026024278592.000000000
10 60 221277700190343232.000000000
11 60 221354884018639072.000000000
12 60 221436289453900288.000000000
58 60 221217594351581920.000000000
59 60 221307155435472064.000000000
60 60 571732884707371369682173952.000000000
61 60 221498370438332992.000000000
62 60 221599902737874304.000000000
63 60 221705299261175872.000000000
7 61 0.000000000
8 61 0.000000000
9 61 0.000000000
10 61 0.000000000
11 61 0.000000000
12 61 0.000000000
58 61 221315113279010944.000000000
59 61 221404715589946528.000000000
60 61 221498370438332992.000000000
61 61 571732884707566601715580928.000000000
62 61 221697597192210560.000000000
63 61 221803041926612224.000000000
7 62 0.000000000
8 62 0.000000000
9 62 0.000000000
10 62 0.000000000
11 62 0.000000000
12 62 0.000000000
58 62 221416558088644576.000000000
59 62 221506203213903520.000000000
60 62 221599902737874304.000000000
61 62 221697597192210560.000000000
62 62 571732884707769873927766016.000000000
63 62 221904719130477696.000000000
7 63 0.000000000
8 63 0.000000000
9 63 0.000000000
10 63 0.000000000
11 63 0.000000000
12 63 0.000000000
58 63 221521863930350688.000000000
59 63 221611553429840608.000000000
60 63 221705299261175872.000000000
61 63 221803041926612224.000000000
62 63 221904719130477696.000000000
63 63 571732884707980911440822272.000000000
